population =

    67    66    39     4   205
    95   107    44     6   233
    95   107    44     6   233
    96   108    39     5   241
    99   109    48     3   229
    81   102    42     5   233
    85    96    42     6   254
    73   175    35     6   240
    49   113    56     4   226
    98    82    43     6   232
    95   108    46     6   235
    96   106    44     5   237
    94   108    44     6   233
    94   108    41     6   229
    90   109    35     2   225
    88   112    48     5   218
    94   108    46     2   234
    79   102    43     5   272
    94    96    36     6   233
    87    99    35     5   225
    96   108    52     8   230
    95   107    44     6   233
    74   116    36     4   233
    96   107    43     6   236
    96   107    43     6   236
    96   111     9     6   265
    94   109    44     6   246
    92   109    45     6   236
    97   106    43     6   242
    93   124    45     7   235
    98   112    31     5   246
    67    85    44     5   238
    98   107    38     5   232
    94   107    43     5   227
    97   127    44     5   261
    95   109    37     7   230
    80   115    42     7   169
    95   285    37     4   242
    96    91   415     4   119
    95   108    45     6   233
    93    99    43     5   208
    94   100    40     7   242
   100     6     5     9   389
    96   107    44     6   233
    69   129    48     3   260
    95   107    42     7   235
    95    93    51     8   218
    78    93    35     4   182
    94   132    39     8   251
    67    66    38     5   205


scores =

    23
    24
    24
    25
    25
    26
    27
    30
    31
    26
    25
    24
    25
    25
    26
    26
    25
    29
    26
    26
    27
    24
    26
    24
    24
    26
    27
    25
    26
    26
    25
    31
    25
    25
    26
    25
    36
    33
    41
    25
    25
    26
   126
    24
    25
    24
    25
    33
    25
    23